4 0.35267857187499996 0 0.35267857187499996 0.0290322578125 0.3551587296875 0.0327956984375 0.3546626984375 0.0365591390625 0.35615079375 0.040860215625 0.35590277812500004 0.04892473125 0.3541666671875 0.05537634375 0.3544146828125 0.0720430109375 0.35342261875 0.09139785 0.3613591265625 0.10483870937499999 0.365079365625 0.09516129062499999 0.365575396875 0.0731182796875 0.3648313484375 0.06505376406249999 0.3606150796875 0.048387096875 0.3608630953125 0.04462365625 0.359126984375 0.043010753125 0.3581349203125 0.03817204375 0.3578869046875 0.0333333328125 0.359126984375 0.0290322578125 0.35987103125000003 0.0182795703125 0.359375 0 0.35267857187499996 0
4 0.32862103125000003 0.3188172046875 0.3318452375 0.3182795703125 0.3345734125 0.30645161249999997 0.3358134921875 0.29462365625000003 0.33779761875 0.2892473125 0.3397817453125 0.27096774218749997 0.341021825 0.26720430156249997 0.34027777812500004 0.26344086093749997 0.3454861109375 0.2349462359375 0.3489583328125 0.20591397812499998 0.3514384921875 0.197311828125 0.3511904765625 0.1752688171875 0.35243055624999997 0.1677419359375 0.35243055624999997 0.1607526875 0.3514384921875 0.15752688125 0.34821428593750003 0.15806451562499998 0.343998015625 0.16935483906249998 0.343998015625 0.1801075265625 0.3387896828125 0.21935483906250003 0.333829365625 0.24247311875 0.330605159375 0.2747311828125 0.325396825 0.30645161249999997 0.325644840625 0.31290322656249997 0.32862103125000003 0.3188172046875
4 0.31696428593750003 0.408064515625 0.318204365625 0.41075268749999994 0.32465277812500004 0.40430107499999995 0.3258928578125 0.38333333281250004 0.3241567453125 0.3725806453125 0.325148809375 0.3688172046875 0.32217261875 0.361290321875 0.3206845234375 0.36612903281250003 0.3179563484375 0.3688172046875 0.31696428593750003 0.3731182796875 0.3167162703125 0.40376344062499997 0.31696428593750003 0.408064515625
4 0.31919642812500004 0.35161290312500004 0.32465277812500004 0.35107526875 0.327876984375 0.34408602187500004 0.3266369046875 0.3284946234375 0.3234126984375 0.3290322578125 0.32217261875 0.3322580640625 0.318700396875 0.34892473125 0.31919642812500004 0.35161290312500004
4 0.5290178578125 0.654301075 0.53174603125 0.6682795703125 0.5352182546875001 0.700537634375 0.5389384921875 0.7193548390625 0.5426587296875 0.74677419375 0.54365079375 0.75 0.5453869046875 0.750537634375 0.5538194437499999 0.7440860218750001 0.5543154765625 0.739784946875 0.5520833328125 0.7322580640624999 0.5510912703125 0.7204301078124999 0.549851190625 0.7166666671875 0.55009920625 0.710215053125 0.54637896875 0.6897849468749999 0.54365079375 0.6629032265625 0.5416666671875 0.656989246875 0.5386904765625 0.654301075 0.5352182546875001 0.646236559375 0.534722221875 0.64247311875 0.5364583328125 0.638709678125 0.5349702375 0.6333333328124999 0.5324900796875001 0.6306451609375 0.5295138890625 0.6344086015625 0.528521825 0.64032258125 0.5290178578125 0.654301075
4 0.3573908734375 0.90322580625 0.3630952375 0.9134408609375001 0.3695436515625 0.9209677421875 0.375248015625 0.9252688171875001 0.384424603125 0.9284946234375001 0.41195436562500004 0.9284946234375001 0.41493055625 0.9263440859375001 0.41741071406249997 0.9204301078125001 0.4136904765625 0.9134408609375001 0.408978175 0.90967741875 0.4045138890625 0.9123655906250001 0.3767361109375 0.9053763437500001 0.3616071421875 0.8892473125 0.356398809375 0.8887096781249999 0.3529265875 0.896236559375 0.35267857187499996 0.9 0.3573908734375 0.90322580625
4 0.3397817453125 0.89462365625 0.338045634375 0.9322580640625 0.33705357187499996 0.9935483875 0.33779761875 0.9994623656250001 0.3454861109375 0.9994623656250001 0.346478175 0.9935483875 0.346230159375 0.9860215046875 0.34424603125000003 0.9704301078125 0.34697420625 0.9629032265624999 0.346726190625 0.9516129031249999 0.3484623015625 0.9188172046874999 0.3516865078125 0.896236559375 0.3516865078125 0.8876344093749999 0.35044642812500004 0.8715053765624999 0.34697420625 0.84677419375 0.3454861109375 0.844086021875 0.34375 0.8478494624999999 0.3385416671875 0.8494623656250001 0.33779761875 0.8521505375 0.3395337296875 0.8704301078125001 0.3397817453125 0.89462365625
4 0.2884424609375 0.6220430109375 0.3018353171875 0.6204301078125 0.3144841265625 0.6145161296875 0.3172123015625 0.6150537640625 0.321924603125 0.6225806453125 0.32465277812500004 0.6365591390625001 0.330853175 0.6392473125 0.3320932546875 0.63817204375 0.33258928593750003 0.6344086015625 0.328125 0.5962365593750001 0.328373015625 0.5903225812499999 0.32713293593750004 0.587634409375 0.3167162703125 0.59139785 0.3105158734375 0.59677419375 0.2981150796875 0.6021505375 0.286954365625 0.6021505375 0.28571428593750003 0.604838709375 0.28472222187499996 0.6139784953125 0.28447420625 0.6188172046875 0.2884424609375 0.6220430109375
4 0.3320932546875 0.7435483875 0.3345734125 0.7521505375 0.33482142812500004 0.7591397843750001 0.3365575390625 0.7634408609375 0.33258928593750003 0.7682795703124999 0.33407738125 0.7715053765625 0.333829365625 0.7752688171875 0.337549603125 0.7865591390625 0.3417658734375 0.794086021875 0.343501984375 0.7876344093750001 0.34325396874999997 0.7774193546875 0.3420138890625 0.7715053765625 0.3422619046875 0.750537634375 0.33779761875 0.69139785 0.3335813484375 0.694086021875 0.3303571421875 0.7043010749999999 0.3298611109375 0.709139784375 0.3320932546875 0.7435483875
4 0.32762896874999997 0.6838709671875 0.328869046875 0.6870967734375 0.331101190625 0.6870967734375 0.3345734125 0.6790322578125 0.33680555624999997 0.6661290328125 0.33506944375000003 0.65 0.333829365625 0.647311828125 0.3301091265625 0.645698925 0.325644840625 0.649462365625 0.325148809375 0.6526881718750001 0.32762896874999997 0.6838709671875
4 0.09548611093750001 0.9978494625 0.09548611093750001 0.9994623656250001 0.1862599203125 0.9994623656250001 0.184771825 0.9854838703125001 0.18923611093749998 0.9725806453124999 0.19345238125 0.9715053765624999 0.19990079375 0.9779569890625 0.203373015625 0.9876344093749999 0.20907738125000003 0.996236559375 0.20982142812500001 0.9994623656250001 0.21949404687500002 0.9994623656250001 0.2202380953125 0.9806451609375 0.2177579359375 0.9736559140625 0.203373015625 0.94892473125 0.193700396875 0.9435483874999999 0.1894841265625 0.9435483874999999 0.18030753906250002 0.9494623656250001 0.1696428578125 0.96182795625 0.16741071406250002 0.9704301078125 0.165178571875 0.9741935484375001 0.1386408734375 0.9774193546875001 0.11929563437499999 0.9844086015625001 0.099950396875 0.9940860218750001 0.09771825468749999 0.9973118281250001 0.09548611093750001 0.9978494625
2 0.9779265875 0.9973118281250001 0.978174603125 0.9994623656250001 0.980902778125 0.9994623656250001 0.98115079375 0.9973118281250001 0.9823908734375 0.9973118281250001 0.9826388890625 0.9994623656250001 0.999751984375 0.9994623656250001 0.999751984375 0.9258064515625 0.9980158734375 0.9258064515625 0.9955357140625001 0.9360215046875 0.9915674609374999 0.9596774187499999 0.990575396875 0.9720430109375 0.9863591265625 0.9827956984374999 0.9751984125 0.9784946234375 0.9704861109375 0.9784946234375 0.96924603125 0.9801075265625 0.968998015625 0.99139785 0.9779265875 0.9973118281250001
4 0.9461805562500001 0.7752688171875 0.9548611109375 0.7860215046875 0.9570932546875 0.790860215625 0.9605654765624999 0.7935483875 0.9642857140625001 0.8016129031249999 0.9761904765624999 0.8182795703125001 0.983630953125 0.8263440859375001 0.9866071421875 0.8338709671875 0.9955357140625001 0.8462365593750001 0.9980158734375 0.85322580625 0.999751984375 0.85322580625 0.999751984375 0.8290322578125 0.997519840625 0.8284946234375001 0.983630953125 0.8064516125000001 0.9516369046875001 0.7639784953125 0.94990079375 0.75967741875 0.947420634375 0.75752688125 0.943204365625 0.75860215 0.9429563484375001 0.7634408609375 0.9461805562500001 0.7752688171875
4 0.8397817453125 0.8182795703125001 0.846230159375 0.8365591390624999 0.8541666671874999 0.8478494624999999 0.8648313484375001 0.8693548390625001 0.874255953125 0.8758064515624999 0.877480159375 0.8811827953125 0.880704365625 0.8827956984374999 0.888144840625 0.891935484375 0.8926091265625 0.8983870968750001 0.89657738125 0.9075268812499999 0.8998015875 0.9107526874999999 0.9012896828124999 0.9150537640625 0.9117063484375001 0.9284946234375001 0.9198908734375 0.9268817203124999 0.922619046875 0.9236559140624999 0.9233630953124999 0.9193548390625 0.921626984375 0.9123655906250001 0.919394840625 0.908064515625 0.9141865078125001 0.904301075 0.9099702375 0.8956989249999999 0.9072420640625 0.8865591390625 0.8993055562500001 0.8720430109375 0.8975694437499999 0.8650537640625 0.8861607140625001 0.854838709375 0.877728175 0.8435483874999999 0.8702876984374999 0.8365591390624999 0.8573908734375 0.8204301078125 0.85342261875 0.8134408609375001 0.8400297625 0.812365590625 0.8392857140625001 0.8139784953125 0.8397817453125 0.8182795703125001
4 0.8043154765624999 0.9478494625 0.8043154765624999 0.959139784375 0.8018353171875001 0.9698924734375 0.8008432546875 0.9811827953125001 0.7981150796875001 0.9870967734375 0.797123015625 0.9935483875 0.7981150796875001 0.9994623656250001 0.8038194437499999 0.9994623656250001 0.8040674609374999 0.9973118281250001 0.8060515875 0.995161290625 0.8082837296875001 0.9844086015625001 0.811755953125 0.9779569890625 0.81299603125 0.9720430109375 0.815228175 0.9467741937499999 0.8196924609374999 0.9236559140624999 0.8199404765624999 0.90967741875 0.8234126984374999 0.893010753125 0.8226686515624999 0.8876344093749999 0.8244047625 0.8779569890625 0.8236607140625001 0.8688172046875 0.83134920625 0.8338709671875 0.8365575390625001 0.788709678125 0.8365575390625001 0.7516129031250001 0.8353174609374999 0.747311828125 0.8355654765624999 0.739784946875 0.833829365625 0.7344086015625 0.830605159375 0.74032258125 0.830853175 0.74462365625 0.82762896875 0.7516129031250001 0.825644840625 0.7865591390625 0.8206845234375001 0.8139784953125 0.8174603171875001 0.8258064515625 0.815228175 0.85 0.8125 0.860215053125 0.8105158734375 0.8774193546875001 0.806299603125 0.9 0.806299603125 0.9279569890625 0.8043154765624999 0.9478494625
4 0.7700892859375 0.7247311828125 0.768601190625 0.7284946234375 0.768105159375 0.7365591390625 0.7633928578125 0.762365590625 0.759920634375 0.7698924734375 0.755704365625 0.7704301078125 0.7542162703125 0.7779569890625 0.7509920640625001 0.7827956984375 0.7517361109375 0.7833333328125 0.7517361109375 0.7817204296875 0.753472221875 0.7801075265625 0.7542162703125 0.7838709671874999 0.765873015625 0.7844086015625 0.7748015875 0.788709678125 0.777777778125 0.7870967734375001 0.7760416671875 0.7806451609375 0.775049603125 0.7715053765625 0.77529761875 0.75967741875 0.7765376984375 0.74892473125 0.7795138890625 0.7360215046875 0.778769840625 0.7311827953125001 0.780505953125 0.7220430109375 0.7800099203124999 0.7161290328125001 0.7824900796875001 0.7048387093749999 0.781001984375 0.7 0.77529761875 0.6956989250000001 0.7733134921875 0.70107526875 0.7703373015625 0.7161290328125001 0.7700892859375 0.7247311828125
1 0.7609216265625001 0.38402204375000004 0.761571428125 0.38824785 0.7649828875 0.39247365625 0.76806944375 0.394586559375 0.7724556046875 0.3970516125 0.776516865625 0.3998688171875 0.77814136875 0.4002209671875 0.7776540171875 0.3956430109375 0.7761919640625 0.391065053125 0.7737552078125 0.386134946875 0.771805803125 0.38226129062499997 0.7692065968749999 0.3797962359375 0.7672571921875 0.378739784375 0.7646579859375 0.378387634375 0.7625461312499999 0.3790919359375 0.7620587796875 0.3801483875 0.7609216265625001 0.3819091390625 0.7609216265625001 0.38402204375000004
1 0.7510240578125 0.3577553765625 0.7525515875 0.365039246875 0.756064484375 0.36404623593749996 0.7600357140625 0.36073494687499996 0.7624796625 0.35576881718750003 0.7582028765625 0.355437634375 0.75591170625 0.350139784375 0.753620784375 0.3474908609375 0.7513296125 0.3448424734375 0.7484275796875 0.3415311828125 0.7475111609375 0.3421935484375 0.7482748015625 0.34947795625 0.7510240578125 0.3577553765625
1 0.778472221875 0.2113284953125 0.776803571875 0.2133951609375 0.7765652281250001 0.2190790328125 0.77298983125 0.220112365625 0.7694146828124999 0.2283790328125 0.7710830859375 0.23457957031249999 0.7701297125 0.2397467734375 0.771321428125 0.24181344062500001 0.7722748015625001 0.2454301078125 0.7765652281250001 0.249563978125 0.7770419140625 0.2505973125 0.7746584828125 0.2593811828125 0.7756118546875 0.263514515625 0.773943453125 0.263514515625 0.7720364578125001 0.2686817203125 0.771798115625 0.27333172031249997 0.7686994046875 0.2722983875 0.7679843749999999 0.275915053125 0.7658392859375 0.279015590625 0.766315971875 0.284698925 0.7679843749999999 0.2872827953125 0.76989136875 0.2877994625 0.76989136875 0.2914161296875 0.773705109375 0.29968333281250004 0.774896825 0.3053666671875 0.7765652281250001 0.2955494625 0.7775186015625 0.280048925 0.778472221875 0.260414515625 0.7799022812499999 0.2428467734375 0.7808556546875 0.22734569843750002 0.781332340625 0.21442849531250002 0.781809028125 0.204611290625 0.778472221875 0.2113284953125
1 0.78729141875 0.1978940859375 0.7849077375 0.2195956984375 0.7822857140624999 0.2521473125 0.780748015625 0.27312258125 0.7795610125 0.28985107499999996 0.7771865078125 0.303362365625 0.7745151296875 0.31687365624999997 0.7730312500000001 0.327811828125 0.7742185015625 0.3329586015625 0.7730312500000001 0.3387494625 0.7703598703125001 0.344539784375 0.7685791171874999 0.3490440859375 0.7667983625 0.35354785 0.7626428578125 0.3631983875 0.7587844734375 0.3683456984375 0.7531450890625 0.3696327953125 0.75522271875 0.376710215625 0.757894096875 0.383787096875 0.7590813484375001 0.3779967734375 0.7617524796875 0.37542311875 0.764423859375 0.3722064515625 0.7709536203125 0.37542311875 0.7748120046875 0.3805704296875 0.7789672624999999 0.38957795625 0.781341765625 0.39729892499999997 0.7866842765625 0.3902215046875 0.7854970234375 0.359338171875 0.784606646875 0.332315590625 0.7841165671875 0.30787741875 0.784519096875 0.2860575265625 0.784519096875 0.27252903281249996 0.7861297125 0.25463709687499997 0.7875389390625 0.24154516093749998 0.78935069375 0.2332537640625 0.7919677578125001 0.2232166671875 0.7949875984375 0.20968817187500002 0.7980071921875 0.1983419359375 0.795792659375 0.194851075 0.7929744546874999 0.190487096875 0.7885453874999999 0.1830682796875 0.78729141875 0.1978940859375
1 0.887092509375 0.2922322578125 0.884578125 0.29768279531249997 0.8812899312500001 0.3039715046875 0.876648065625 0.3052295703125 0.8723931046875 0.30564892499999996 0.8694918156250001 0.3039715046875 0.8691049109375 0.30648709687500003 0.8706522812499999 0.31571129062500003 0.8758745046874999 0.322838709375 0.8799362593750001 0.32912795625 0.8828373015625001 0.3345784953125 0.885738590625 0.3354172046875 0.8899935515624999 0.339190321875 0.8901870046875 0.3341591390625 0.8901870046875 0.3240967734375 0.8894134421875 0.3123569890625 0.8894134421875 0.302713978125 0.8894134421875 0.2943284953125 0.887092509375 0.2922322578125
1 0.796875 0.3392473125 0.7958829359374999 0.345698925 0.79737103125 0.3725806453125 0.79637896875 0.3768817203125 0.7956349203124999 0.399462365625 0.796626984375 0.40591397812499996 0.7978670640625001 0.40860215 0.8110119046875001 0.4220430109375 0.8125 0.4290322578125 0.8144841265625 0.4301075265625 0.818700396875 0.43978494687499997 0.8201884921874999 0.445698925 0.821924603125 0.44677419374999994 0.8234126984374999 0.451612903125 0.82762896875 0.455913978125 0.83407738125 0.455913978125 0.8390376984374999 0.45107526875000004 0.8529265875 0.44516129062500004 0.8581349203125 0.43924731250000004 0.855902778125 0.4354838703125 0.856646825 0.4317204296875 0.865079365625 0.41559139843750004 0.8705357140625001 0.39247311875 0.8702876984374999 0.38763440937500004 0.872519840625 0.3768817203125 0.874751984375 0.3725806453125 0.8730158734375 0.3650537640625 0.87450396875 0.356989246875 0.8735119046875001 0.349462365625 0.8648313484375001 0.3354838703125 0.862847221875 0.3295698921875 0.8571428578125 0.3225806453125 0.8521825390625001 0.306989246875 0.8479662703124999 0.29677419375 0.8459821421875 0.29462365625000003 0.843005953125 0.2811827953125 0.8400297625 0.2790322578125 0.8363095234375001 0.2677419359375 0.8355654765624999 0.2629032265625 0.825644840625 0.24462365625000002 0.8226686515624999 0.2354838703125 0.8172123015625001 0.22473118281249999 0.815476190625 0.2166666671875 0.8144841265625 0.21559139843750003 0.8060515875 0.20967741874999998 0.8040674609374999 0.21129032187500002 0.8023313484375001 0.2161290328125 0.8038194437499999 0.2204301078125 0.8035714281249999 0.2241935484375 0.8020833328125001 0.2274193546875 0.7991071421875 0.24032258125 0.7988591265625 0.25 0.79737103125 0.25860215000000003 0.79737103125 0.26720430156249997 0.7956349203124999 0.2752688171875 0.7958829359374999 0.2790322578125 0.794394840625 0.2822580640625 0.794146825 0.3021505375 0.796875 0.3392473125
1 0.7986111109375 0.4354838703125 0.80009920625 0.43817204375 0.8008432546875 0.458064515625 0.80282738125 0.4661290328125 0.8070436515624999 0.46827957031249995 0.8137400796875 0.47580645156249995 0.8191964281249999 0.4763440859375 0.8226686515624999 0.47419354843750006 0.8234126984374999 0.4704301078125 0.8209325390625001 0.46129032187499996 0.8204365078125001 0.4521505375 0.8167162703124999 0.44677419374999994 0.8164682546875 0.443010753125 0.8139880953124999 0.43978494687499997 0.8115079359375 0.4317204296875 0.8053075390625001 0.4268817203125 0.802579365625 0.4225806453125 0.7983630953125 0.42634408593749995 0.7991071421875 0.43118279531250003 0.7986111109375 0.4354838703125
2 0.708829365625 0.20215053749999998 0.71279761875 0.20591397812499998 0.7177579359374999 0.2177419359375 0.7204861109375 0.22096774218749998 0.7242063484375 0.22258064531250002 0.728670634375 0.2215053765625 0.7363591265625 0.2166666671875 0.740575396875 0.20913978437499997 0.7452876984375 0.204301075 0.7517361109375 0.20215053749999998 0.7576884921875 0.19139785 0.7638888890625 0.1865591390625 0.77529761875 0.1725806453125 0.77802579375 0.1709677421875 0.778521825 0.1688172046875 0.77802579375 0.16559139843749998 0.775545634375 0.16182795625 0.7673611109375 0.154301075 0.7641369046875 0.15591397812500002 0.762896825 0.15860215 0.752480159375 0.1688172046875 0.749751984375 0.16827957031250002 0.7485119046875 0.1645161296875 0.74404761875 0.15860215 0.7423115078125 0.16182795625 0.7420634921875 0.1688172046875 0.7398313484375 0.1768817203125 0.7366071421875 0.1784946234375 0.7147817453124999 0.1774193546875 0.7113095234375 0.18118279531249998 0.708829365625 0.19247311875 0.7048611109375 0.1978494625 0.7048611109375 0.20107526875 0.708829365625 0.20215053749999998
2 0.7137896828125 0.3284946234375 0.7123015875 0.341935484375 0.7135416671875 0.349462365625 0.7167658734375 0.356989246875 0.72197420625 0.36182795625 0.728174603125 0.36182795625 0.7333829359374999 0.35322580625 0.7361111109375 0.3322580640625 0.7452876984375 0.3370967734375 0.759424603125 0.35322580625 0.7636408734375 0.35322580625 0.7666170640625001 0.346236559375 0.771329365625 0.340860215625 0.7725694437499999 0.337634409375 0.7743055562500001 0.3155913984375 0.7738095234375 0.298387096875 0.7666170640625001 0.2827956984375 0.7666170640625001 0.2790322578125 0.7738095234375 0.26344086093749997 0.7757936515625 0.251612903125 0.7728174609375 0.2478494625 0.7700892859375 0.240860215625 0.7693452375 0.2279569890625 0.7733134921875 0.21881720468750002 0.7767857140625 0.2166666671875 0.7792658734375 0.21129032187500002 0.781498015625 0.20107526875 0.78174603125 0.188709678125 0.7795138890625 0.1860215046875 0.7767857140625 0.1870967734375 0.7723214281249999 0.1935483875 0.7666170640625001 0.198387096875 0.75967261875 0.20860215000000001 0.7586805562500001 0.21182795625 0.749751984375 0.21881720468750002 0.735119046875 0.23440860156249999 0.731398809375 0.2478494625 0.731894840625 0.251612903125 0.728670634375 0.25860215000000003 0.728174603125 0.2629032265625 0.7242063484375 0.2752688171875 0.721230159375 0.2795698921875 0.713045634375 0.2865591390625 0.7123015875 0.2892473125 0.7120535718750001 0.30430107500000003 0.7137896828125 0.3284946234375
4 0.677252728125 0.16424139843750002 0.674298115625 0.1679016125 0.6704992562500001 0.1596666671875 0.6658561515625 0.1605817203125 0.6726096234375001 0.180711290625 0.6780969734375 0.1871166671875 0.6899156750000001 0.19992634375 0.699623759375 0.212736559375 0.7165076890625001 0.231036021875 0.7287485125 0.24293118281249998 0.7346577375 0.235611290625 0.7515416671875 0.21731129062500001 0.7650486109375 0.20175645156250002 0.7751790671875 0.1862016125 0.7806661703125 0.1788817203125 0.7857313984375 0.1779666671875 0.777289434375 0.1679016125 0.7696917156249999 0.1770516125 0.7506974203125 0.19992634375 0.7376123515625 0.21456612968750002 0.7245275296875 0.22280107500000002 0.7046889875 0.203586559375 0.6806294640624999 0.1697317203125 0.677252728125 0.16424139843750002
4 0.9779265875 0.5677419359375 0.9796626984374999 0.5725806453125 0.978174603125 0.5741935484375 0.978174603125 0.5801075265625 0.9761904765624999 0.5838709671875 0.962549603125 0.6 0.9392361109375 0.6188172046875 0.94072420625 0.6177419359375 0.9414682546875 0.6231182796875 0.9511408734375 0.6338709671875 0.9551091265625 0.6338709671875 0.96552579375 0.6284946234375 0.97470238125 0.6295698921875 0.9779265875 0.639784946875 0.9826388890625 0.6446236562500001 0.9885912703124999 0.65537634375 0.9910714281249999 0.65752688125 0.9960317453125 0.6698924734375 0.999751984375 0.6709677421875 0.999751984375 0.6317204296875001 0.9977678578125 0.6317204296875001 0.9935515875 0.6236559140625 0.9910714281249999 0.6182795703124999 0.99032738125 0.61182795625 0.9883432546875 0.606989246875 0.9885912703124999 0.59892473125 0.9962797625 0.587634409375 0.997023809375 0.5838709671875 0.9918154765624999 0.5688172046875 0.9885912703124999 0.5655913984375001 0.987103175 0.5602150531250001 0.984126984375 0.558064515625 0.981894840625 0.5532258062500001 0.9799107140625001 0.5639784953125 0.9779265875 0.5677419359375
4 0.8869047625 0.538709678125 0.8923611109375 0.53817204375 0.906994046875 0.5155913984375 0.9236111109375 0.495698925 0.9414682546875 0.4811827953125 0.9454365078125001 0.48064516093750004 0.94717261875 0.48225806406249994 0.9489087296875001 0.47473118281250004 0.94717261875 0.46989247343749996 0.943204365625 0.4645161296875 0.9300595234375001 0.47419354843750006 0.9050099203125 0.502688171875 0.891369046875 0.5258064515624999 0.8864087296875001 0.5370967734375001 0.8869047625 0.538709678125
4 0.8539186515624999 0.310215053125 0.8541666671874999 0.3145161296875 0.8573908734375 0.3236559140625 0.86259920625 0.3284946234375 0.8663194437499999 0.337634409375 0.8732638890625 0.34784946250000004 0.875744046875 0.359139784375 0.8836805562500001 0.3784946234375 0.8926091265625 0.3854838703125 0.90302579375 0.39838709687499996 0.9176587296875001 0.4204301078125 0.9236111109375 0.4252688171875 0.927579365625 0.4317204296875 0.9357638890625 0.43978494687499997 0.9392361109375 0.447311828125 0.943204365625 0.44892473125 0.9461805562500001 0.43118279531250003 0.9454365078125001 0.42580645156249997 0.943204365625 0.4236559140625 0.9419642859374999 0.41989247343749997 0.9268353171875001 0.404838709375 0.906498015625 0.3774193546875 0.9047619046875001 0.3731182796875 0.8869047625 0.35107526875 0.8834325390625001 0.345161290625 0.8836805562500001 0.34139785 0.88095238125 0.33870967812499997 0.875248015625 0.3274193546875 0.8727678578125 0.3252688171875 0.853670634375 0.2865591390625 0.8382936515624999 0.2661290328125 0.8355654765624999 0.2666666671875 0.8368055562500001 0.27258064531250004 0.8539186515624999 0.310215053125
4 0.786954365625 0.396236559375 0.7889384921875 0.4064516125 0.7946428578125 0.40752688125000003 0.796130953125 0.40430107499999995 0.7958829359374999 0.3790322578125 0.796875 0.3688172046875 0.79637896875 0.3220430109375 0.794394840625 0.30268817187499997 0.7946428578125 0.2860215046875 0.796875 0.2715053765625 0.7981150796875001 0.23709677343750002 0.8035714281249999 0.20913978437499997 0.80282738125 0.204301075 0.7988591265625 0.20161290312500002 0.79637896875 0.20215053749999998 0.7951388890625 0.20752688125000002 0.79365079375 0.20860215000000001 0.7951388890625 0.212365590625 0.7914186515625 0.2166666671875 0.7914186515625 0.22311827968750003 0.7894345234375 0.2290322578125 0.7852182546875001 0.254838709375 0.78447420625 0.27096774218749997 0.784226190625 0.30645161249999997 0.786954365625 0.396236559375
4 0.7881944437499999 0.4677419359375 0.7899305562500001 0.502688171875 0.7884424609375 0.5091397843750001 0.786954365625 0.55752688125 0.794146825 0.5532258062500001 0.7983630953125 0.544086021875 0.7991071421875 0.54032258125 0.799851190625 0.502688171875 0.799851190625 0.4634408609375 0.7983630953125 0.4354838703125 0.7983630953125 0.42311827968750004 0.7991071421875 0.41989247343749997 0.796130953125 0.4129032265625 0.7926587296875 0.40967741875 0.7896825390625 0.40967741875 0.7876984125 0.41559139843750004 0.7886904765625 0.43924731250000004 0.7881944437499999 0.4677419359375
4 0.8730158734375 0.0688172046875 0.874255953125 0.0645161296875 0.8769841265625 0.0645161296875 0.8926091265625 0.055913978125 0.9233630953124999 0.046236559375 0.931299603125 0.041935484375 0.9548611109375 0.0370967734375 0.97197420625 0.0311827953125 0.98115079375 0.0306451609375 0.994295634375 0.0241935484375 0.999751984375 0.0236559140625 0.999751984375 0.00967741875 0.9925595234375001 0.01182795625 0.9908234125 0.0139784953125 0.97842261875 0.015053764062499999 0.9637896828124999 0.0209677421875 0.9236111109375 0.0311827953125 0.91220238125 0.0370967734375 0.9007936515624999 0.04032258125 0.8958333328125001 0.044086021875 0.88467261875 0.047311828125 0.875744046875 0.052688171875 0.8735119046875001 0.0629032265625 0.87177579375 0.0661290328125 0.871527778125 0.0677419359375 0.8730158734375 0.0688172046875
4 0.5081845234375 0.5150537640625 0.5138888890625 0.5150537640625 0.5166170640625001 0.50967741875 0.515625 0.504838709375 0.5168650796875001 0.50107526875 0.521329365625 0.50107526875 0.5240575390625 0.49731182812499997 0.5245535718750001 0.491935484375 0.5292658734375 0.47419354843750006 0.53125 0.45967741875 0.5362103171875 0.443010753125 0.5349702375 0.43978494687499997 0.5362103171875 0.4290322578125 0.5357142859375 0.4236559140625 0.53720238125 0.41989247343749997 0.5381944437499999 0.40860215 0.547619046875 0.37204301093750003 0.547619046875 0.36236559062499996 0.5515873015625 0.34032258125000003 0.5518353171875 0.3252688171875 0.5533234125 0.3220430109375 0.5555555562500001 0.310215053125 0.5553075390625 0.298387096875 0.556299603125 0.29462365625000003 0.5558035718750001 0.29032258125 0.5577876984375 0.26505376406250003 0.5612599203124999 0.2521505375 0.56572420625 0.24462365625000002 0.5674603171875 0.22688172031249998 0.5736607140625 0.197311828125 0.57490079375 0.1822580640625 0.5739087296875 0.16827957031250002 0.5706845234375 0.16182795625 0.5706845234375 0.15806451562499998 0.5644841265625 0.151612903125 0.562748015625 0.15860215 0.562251984375 0.1774193546875 0.5610119046875 0.193010753125 0.559771825 0.19677419375 0.5602678578125 0.20107526875 0.55927579375 0.204838709375 0.5602678578125 0.20752688125000002 0.5602678578125 0.2166666671875 0.556795634375 0.22096774218749998 0.5550595234375 0.2317204296875 0.5533234125 0.2365591390625 0.5510912703125 0.254838709375 0.5486111109375 0.26344086093749997 0.547123015625 0.2784946234375 0.5446428578125 0.2833333328125 0.5419146828125 0.29462365625000003 0.5429067453124999 0.298387096875 0.5429067453124999 0.30430107500000003 0.540674603125 0.3139784953125 0.5396825390625 0.3284946234375 0.5364583328125 0.35107526875 0.531001984375 0.3768817203125 0.53125 0.400537634375 0.530505953125 0.40537634375 0.5290178578125 0.408064515625 0.528521825 0.4161290328125 0.52529761875 0.43118279531250003 0.5233134921875 0.45107526875000004 0.5173611109375 0.4827956984375 0.512152778125 0.494086021875 0.51240079375 0.49784946249999995 0.5091765875 0.5016129031250001 0.5079365078125 0.5064516125 0.5074404765625 0.5134408609375 0.5081845234375 0.5150537640625
2 0.51240079375 0 0.51240079375 0.0016129031249999999 0.5133928578125 0.0107526875 0.51612103125 0.0139784953125 0.5173611109375 0.0247311828125 0.521329365625 0.0365591390625 0.5245535718750001 0.04139785 0.5260416671875 0.052150537500000003 0.5322420640625001 0.0758064515625 0.5364583328125 0.0817204296875 0.540674603125 0.09086021562499999 0.5446428578125 0.09516129062499999 0.549603175 0.09677419375 0.5520833328125 0.100537634375 0.556795634375 0.112365590625 0.5580357140625 0.1268817203125 0.560019840625 0.1349462359375 0.5642361109375 0.14032258125 0.5709325390625 0.15322580624999999 0.571924603125 0.15806451562499998 0.574652778125 0.16344086093750002 0.5758928578125 0.1688172046875 0.5741567453124999 0.17419354843749998 0.5758928578125 0.1860215046875 0.575148809375 0.188709678125 0.575148809375 0.20107526875 0.5739087296875 0.204838709375 0.5763888890625 0.20913978437499997 0.5766369046875 0.2129032265625 0.578869046875 0.2177419359375 0.581597221875 0.2204301078125 0.58407738125 0.22634408593750002 0.5850694437499999 0.22473118281249999 0.584325396875 0.21989247343749999 0.5863095234375 0.212365590625 0.5863095234375 0.20860215000000001 0.58779761875 0.20376344062500001 0.5920138890625 0.19677419375 0.5915178578125 0.193010753125 0.5925099203124999 0.1892473125 0.5922619046875 0.1844086015625 0.5954861109375 0.1817204296875 0.5979662703125 0.17419354843749998 0.5957341265625 0.1709677421875 0.596478175 0.1688172046875 0.6076388890625 0.1688172046875 0.6235119046875 0.15322580624999999 0.6341765875 0.150537634375 0.6383928578125 0.1435483875 0.640376984375 0.144086021875 0.643601190625 0.14892473125 0.646329365625 0.15860215 0.6485615078125 0.15591397812500002 0.6579861109375 0.15322580624999999 0.6602182546875001 0.156989246875 0.6654265875 0.160215053125 0.6785714281249999 0.1650537640625 0.6822916671875 0.1688172046875 0.685019840625 0.17419354843749998 0.6887400796875001 0.1704301078125 0.690972221875 0.1704301078125 0.702876984375 0.1731182796875 0.70907738125 0.1779569890625 0.716269840625 0.1747311828125 0.7259424609375 0.17419354843749998 0.7306547625 0.17204301093750002 0.7361111109375 0.162365590625 0.7413194437499999 0.15806451562499998 0.7477678578125 0.14569892499999998 0.7519841265625 0.14139785 0.75967261875 0.14569892499999998 0.77802579375 0.1639784953125 0.7867063484375 0.1752688171875 0.797123015625 0.19462365625 0.806299603125 0.202688171875 0.8102678578125 0.20376344062500001 0.8139880953124999 0.20913978437499997 0.8258928578125 0.206989246875 0.837549603125 0.2166666671875 0.862351190625 0.2150537640625 0.8737599203125 0.21129032187500002 0.8764880953124999 0.20860215000000001 0.877728175 0.204838709375 0.8854166671874999 0.200537634375 0.8928571421875 0.1784946234375 0.8926091265625 0.1736559140625 0.8958333328125001 0.1672043015625 0.8975694437499999 0.154838709375 0.8980654765624999 0.12956989218749998 0.8950892859374999 0.09516129062499999 0.8923611109375 0.0849462359375 0.890376984375 0.08440860156249999 0.8886408734375 0.07903225781249999 0.8859126984374999 0.0784946234375 0.884920634375 0.0758064515625 0.8804563484375001 0.0741935484375 0.872519840625 0.07795698906250001 0.8710317453125 0.0774193546875 0.8700396828124999 0.0741935484375 0.8737599203125 0.06397849531250001 0.8735119046875001 0.060215053124999994 0.874751984375 0.055913978125 0.8675595234375001 0.04032258125 0.8616071421875 0.0209677421875 0.8606150796875 0.01182795625 0.862351190625 0 0.80009920625 0 0.7991071421875 0.002688171875 0.796130953125 0.0016129031249999999 0.796130953125 0 0.51240079375 0
2 0.94072420625 0.2161290328125 0.9417162703124999 0.2322580640625 0.9427083328125001 0.2360215046875 0.9424603171875001 0.25322580625 0.9451884921874999 0.27096774218749997 0.9491567453125 0.2865591390625 0.953373015625 0.29677419375 0.966021825 0.3139784953125 0.971230159375 0.3258064515625 0.97470238125 0.33064516093749996 0.9789186515624999 0.343010753125 0.981398809375 0.35752688125 0.981398809375 0.3645161296875 0.9776785718750001 0.37419354843749997 0.962549603125 0.39247311875 0.9603174609374999 0.39784946250000003 0.953869046875 0.406989246875 0.950148809375 0.41559139843750004 0.9446924609374999 0.450537634375 0.9446924609374999 0.4661290328125 0.947420634375 0.46989247343749996 0.950148809375 0.48064516093750004 0.953125 0.48655913906250003 0.9551091265625 0.49623655937500005 0.95907738125 0.5016129031250001 0.962549603125 0.50967741875 0.96279761875 0.5145161296875 0.9709821421875 0.5247311828125001 0.9724702375 0.5290322578125 0.9766865078125001 0.5322580640625 0.9804067453125 0.540860215625 0.9828869046875001 0.55537634375 0.990079365625 0.5639784953125 0.9977678578125 0.5817204296875 0.999751984375 0.5817204296875 0.999751984375 0.0827956984375 0.993799603125 0.0838709671875 0.9791666671874999 0.093010753125 0.9702380953124999 0.096236559375 0.9637896828124999 0.10322580625 0.9618055562500001 0.10752688125000001 0.953125 0.11720430156249999 0.9449404765624999 0.1311827953125 0.940476190625 0.14569892499999998 0.937251984375 0.1607526875 0.937251984375 0.20161290312500002 0.94072420625 0.2161290328125
2 0.77802579375 0.649462365625 0.7772817453124999 0.654838709375 0.77529761875 0.658064515625 0.771825396875 0.6731182796875 0.771825396875 0.6779569890625 0.77529761875 0.6956989250000001 0.777777778125 0.699462365625 0.7834821421875 0.701612903125 0.791170634375 0.69462365625 0.8005952375 0.693010753125 0.8077876984374999 0.6887096781250001 0.812251984375 0.69139785 0.8144841265625 0.6962365593750001 0.8137400796875 0.70107526875 0.8144841265625 0.702688171875 0.8231646828124999 0.7032258062500001 0.8226686515624999 0.70860215 0.821924603125 0.70860215 0.8229166671874999 0.7123655906249999 0.8174603171875001 0.71182795625 0.8164682546875 0.7123655906249999 0.81572420625 0.7161290328125001 0.8169642859374999 0.7204301078124999 0.8201884921874999 0.7231182796875 0.82217261875 0.7284946234375 0.82217261875 0.7322580640624999 0.8261408734375 0.7295698921875 0.828373015625 0.7338709671875 0.830853175 0.7344086015625 0.8328373015625001 0.7322580640624999 0.8333333328125001 0.7274193546875 0.8350694437499999 0.7279569890625 0.8360615078125001 0.7338709671875 0.8363095234375001 0.7478494625 0.838045634375 0.7521505375 0.8365575390625001 0.76182795625 0.83779761875 0.7747311828125001 0.8373015875 0.7790322578125 0.8387896828124999 0.7827956984375 0.837549603125 0.7865591390625 0.8382936515624999 0.79139785 0.8373015875 0.79462365625 0.8387896828124999 0.798387096875 0.8382936515624999 0.802688171875 0.841269840625 0.8102150531250001 0.84375 0.8102150531250001 0.84424603125 0.805913978125 0.849454365625 0.8021505375 0.85342261875 0.8102150531250001 0.8663194437499999 0.806989246875 0.874751984375 0.8134408609375001 0.875 0.8182795703125001 0.8794642859374999 0.8252688171875 0.89112103125 0.8284946234375001 0.8985615078125001 0.8338709671875 0.928075396875 0.8338709671875 0.9303075390625001 0.8290322578125 0.9360119046875001 0.8263440859375001 0.9387400796875 0.8193548390625001 0.943204365625 0.8166666671874999 0.946924603125 0.8102150531250001 0.9466765875 0.8064516125000001 0.9484126984374999 0.8021505375 0.9476686515624999 0.79462365625 0.9459325390625001 0.790860215625 0.943700396875 0.7752688171875 0.943700396875 0.7666666671875 0.9424603171875001 0.762365590625 0.9449404765624999 0.75537634375 0.9451884921874999 0.7516129031250001 0.9476686515624999 0.7478494625 0.947420634375 0.7440860218750001 0.9508928578125 0.737634409375 0.950396825 0.7311827953125001 0.9541170640625 0.7274193546875 0.95907738125 0.7295698921875 0.9618055562500001 0.7258064515625 0.968501984375 0.7241935484375001 0.9697420640625 0.7198924734375 0.974454365625 0.7215053765625 0.9764384921874999 0.7166666671875 0.9751984125 0.6956989250000001 0.9704861109375 0.69032258125 0.9704861109375 0.687634409375 0.972222221875 0.6849462359375 0.9675099203125 0.6698924734375 0.9670138890625 0.6645161296875 0.9615575390625001 0.65537634375 0.958829365625 0.646236559375 0.940228175 0.6220430109375 0.9288194437499999 0.6145161296875 0.92782738125 0.611290321875 0.91865079375 0.610215053125 0.9154265875 0.612365590625 0.9139384921874999 0.60967741875 0.908978175 0.606989246875 0.8918650796875 0.605913978125 0.89112103125 0.598387096875 0.8859126984374999 0.5795698921875 0.8834325390625001 0.5661290328125 0.8730158734375 0.5392473125 0.86904761875 0.5338709671874999 0.865079365625 0.5225806453125 0.8611111109375 0.5172043015625001 0.8571428578125 0.5064516125 0.8516865078125001 0.49892473125 0.849950396875 0.4935483875 0.8459821421875 0.491935484375 0.840773809375 0.4860215046875 0.8296130953124999 0.4844086015625 0.8216765875 0.48978494687499996 0.821924603125 0.494086021875 0.8142361109375 0.5059139781249999 0.8125 0.5139784953125 0.811755953125 0.5295698921875001 0.8102678578125 0.5365591390625 0.797619046875 0.547311828125 0.7904265875 0.5612903218749999 0.7790178578125 0.600537634375 0.7770337296875 0.61182795625 0.7765376984375 0.63817204375 0.77802579375 0.649462365625
2 0.8814484125 0.9935483875 0.8826884921874999 0.9994623656250001 0.965277778125 0.9994623656250001 0.968005953125 0.9940860218750001 0.968998015625 0.9790322578125 0.9665178578125 0.95107526875 0.9632936515624999 0.9392473125 0.956597221875 0.9236559140624999 0.952876984375 0.9209677421875 0.9494047625 0.9155913984374999 0.9375 0.911290321875 0.9260912703124999 0.9155913984374999 0.924851190625 0.9204301078125001 0.9203869046875001 0.9279569890625 0.91592261875 0.9295698921875 0.908730159375 0.937634409375 0.903769840625 0.940860215625 0.894097221875 0.9548387093749999 0.891369046875 0.9655913984375 0.887896825 0.9715053765624999 0.8861607140625001 0.9822580640625 0.8814484125 0.9935483875
2 0.6356646828125 0.7043010749999999 0.6364087296875 0.7322580640624999 0.6428571421875 0.760215053125 0.6445932546875001 0.7784946234375 0.641369046875 0.790860215625 0.6341765875 0.8021505375 0.6339285718750001 0.8064516125000001 0.6383928578125 0.8129032265625 0.6423611109375 0.8145161296874999 0.646329365625 0.8231182796875001 0.650049603125 0.8231182796875001 0.650049603125 0.8258064515625 0.653273809375 0.8279569890625 0.652777778125 0.8322580640625 0.6488095234375 0.84892473125 0.6386408734375 0.8747311828125 0.6351686515625 0.8892473125 0.6324404765625 0.894086021875 0.6302083328125 0.9037634406249999 0.624255953125 0.9198924734375 0.6197916671875 0.9295698921875 0.615079365625 0.9349462359375 0.6076388890625 0.947311828125 0.5977182546875001 0.9693548390625001 0.59375 0.9758064515625 0.5900297625 0.9784946234375 0.5890376984375 0.9817204296875 0.5828373015625 0.9860215046875 0.577876984375 0.9940860218750001 0.57862103125 0.996236559375 0.5917658734375 0.99677419375 0.59325396875 0.9978494625 0.59325396875 0.9994623656250001 0.5987103171875 0.9994623656250001 0.5989583328125 0.9973118281250001 0.6046626984375 0.9973118281250001 0.6049107140625 0.9994623656250001 0.6081349203124999 0.9994623656250001 0.6083829359374999 0.9973118281250001 0.6108630953125 0.996236559375 0.6135912703125 0.9973118281250001 0.6138392859375 0.9994623656250001 0.6329365078125 0.9994623656250001 0.6331845234375 0.9973118281250001 0.6604662703125 0.9973118281250001 0.661954365625 0.9994623656250001 0.662450396875 0.9973118281250001 0.6768353171875 0.9973118281250001 0.6770833328125 0.9994623656250001 0.6785714281249999 0.9994623656250001 0.6788194437499999 0.9973118281250001 0.7274243546875 0.9973118281250001 0.7289186515625 0.9994623656250001 0.734126984375 0.9994623656250001 0.734375 0.9973118281250001 0.7380952375 0.9973118281250001 0.7383432546875001 0.9994623656250001 0.7411540171875 0.9994623656250001 0.7428075390625 0.9973118281250001 0.764880953125 0.9973118281250001 0.76512896875 0.9994623656250001 0.775545634375 0.9994623656250001 0.7757936515625 0.9973118281250001 0.7951388890625 0.99677419375 0.79737103125 0.9940860218750001 0.7981150796875001 0.9865591390624999 0.80009920625 0.9817204296875 0.8010912703124999 0.9661290328125001 0.80282738125 0.962365590625 0.802579365625 0.9586021499999999 0.8058035718750001 0.9338709671875 0.8060515875 0.8956989249999999 0.8085317453125 0.891935484375 0.8085317453125 0.8876344093749999 0.8107638890625 0.8849462359375 0.810019840625 0.8806451609374999 0.8110119046875001 0.8774193546875001 0.8115079359375 0.8650537640625 0.813244046875 0.8575268812499999 0.81200396875 0.845161290625 0.814980159375 0.8413978500000001 0.81572420625 0.8301075265625 0.8174603171875001 0.8258064515625 0.8169642859374999 0.8177419359375 0.7884424609375 0.80107526875 0.77529761875 0.788709678125 0.7638888890625 0.7833333328125 0.7554563484375 0.7822580640625 0.7519841265625 0.7591397843750001 0.7487599203124999 0.754838709375 0.7480158734375 0.74677419375 0.7445436515625 0.7392473125000001 0.7408234125 0.7360215046875 0.7393353171875 0.7241935484375001 0.7361111109375 0.7123655906249999 0.7326388890625 0.7080645156250001 0.7209821421875 0.703763440625 0.7137896828125 0.6935483875 0.703373015625 0.6860215046875 0.699652778125 0.6806451609375 0.6941964281249999 0.6763440859375 0.6884920640625001 0.6747311828125 0.6783234125 0.6672043015625 0.6664186515625 0.6650537640625 0.646329365625 0.6704301078125 0.6423611109375 0.6736559140625 0.6383928578125 0.6833333328125 0.638144840625 0.6962365593750001 0.6356646828125 0.7043010749999999
2 0.810019840625 0.9924731187500001 0.810019840625 0.9940860218750001 0.812748015625 0.996236559375 0.8340359625 0.9973118281250001 0.8355654765624999 0.9994623656250001 0.846478175 0.9994623656250001 0.846726190625 0.9973118281250001 0.8509424609374999 0.9973118281250001 0.8511904765624999 0.9994623656250001 0.8635912703124999 0.9994623656250001 0.8638392859374999 0.9973118281250001 0.8678075390625001 0.9973118281250001 0.8680555562500001 0.9994623656250001 0.877976190625 0.9994623656250001 0.8816964281249999 0.9908602156249999 0.8831845234375001 0.9817204296875 0.8821924609374999 0.9774193546875001 0.87822420625 0.9698924734375 0.8735119046875001 0.94032258125 0.8705357140625001 0.9311827953125 0.86904761875 0.9204301078125001 0.8665674609374999 0.9139784953125 0.8735119046875001 0.891935484375 0.874751984375 0.8854838703125001 0.87450396875 0.8768817203125 0.86904761875 0.8758064515624999 0.860119046875 0.8655913984374999 0.8578869046875001 0.85860215 0.853670634375 0.853763440625 0.847222221875 0.8413978500000001 0.83407738125 0.8311827953125001 0.8301091265625 0.8333333328125001 0.8271329359375 0.85322580625 0.8263888890625 0.8650537640625 0.824652778125 0.8688172046875 0.825148809375 0.8806451609374999 0.8231646828124999 0.88817204375 0.8239087296875001 0.891935484375 0.8206845234375001 0.911290321875 0.8201884921874999 0.9247311828125 0.8179563484375001 0.938709678125 0.818204365625 0.943010753125 0.8162202375 0.9467741937499999 0.8162202375 0.9505376343749999 0.8137400796875 0.9586021499999999 0.812251984375 0.9827956984374999 0.810019840625 0.9924731187500001
1 0.5233134921875 0.5166666671875 0.5523313484375 0.5155913984375 0.5644841265625 0.510215053125 0.5704365078125 0.5129032265625 0.5731646828125 0.5182795703124999 0.5734126984375 0.5209677421875 0.5716765875 0.5241935484375 0.5637400796875001 0.5279569890625 0.559523809375 0.5322580640625 0.55282738125 0.5532258062500001 0.549355159375 0.5607526875 0.5367063484375 0.5720430109375 0.533730159375 0.5833333328125 0.5334821421875 0.593010753125 0.5322420640625001 0.595161290625 0.5272817453124999 0.595161290625 0.5292658734375 0.603763440625 0.531994046875 0.602688171875 0.5334821421875 0.610215053125 0.5334821421875 0.6166666671875001 0.5349702375 0.6215053765625 0.5543154765625 0.6650537640625 0.5677083328125 0.6795698921875 0.5833333328125 0.693010753125 0.6073908734375 0.7021505375 0.622271825 0.70537634375 0.63095238125 0.7064516125 0.6336805562500001 0.702688171875 0.6364087296875 0.6962365593750001 0.63740079375 0.6897849468749999 0.6369047625 0.6844086015624999 0.638144840625 0.6790322578125 0.640376984375 0.6731182796875 0.646329365625 0.6682795703125 0.6706349203124999 0.662365590625 0.6805555562500001 0.6661290328125 0.6889880953125 0.6725806453125001 0.693700396875 0.6731182796875 0.7048611109375 0.6817204296875 0.709325396875 0.6763440859375 0.71924603125 0.6596774187500001 0.72470238125 0.647311828125 0.731646825 0.6268817203125 0.7415674609375 0.5844086015625 0.7435515875 0.5682795703125 0.743799603125 0.547311828125 0.7450396828125 0.54462365625 0.735119046875 0.5295698921875001 0.7323908734375 0.5198924734375 0.7209821421875 0.511290321875 0.71924603125 0.5064516125 0.7175099203124999 0.48978494687499996 0.7140376984375 0.4784946234375 0.7075892859375 0.4720430109375 0.7008928578125 0.45860215000000004 0.6929563484375 0.45268817187500004 0.6887400796875001 0.44677419374999994 0.6696428578125 0.44354838750000003 0.6654265875 0.43870967812500006 0.6654265875 0.42473118281250005 0.669394840625 0.4166666671875 0.6728670640625001 0.4150537640625 0.6857638890625 0.4150537640625 0.690228175 0.41182795624999996 0.6922123015625 0.406989246875 0.697420634375 0.40376344062499997 0.6894841265625 0.397311828125 0.6542658734375 0.3865591390625 0.6289682546875001 0.3865591390625 0.60615079375 0.389784946875 0.5858134921875 0.39784946250000003 0.561755953125 0.4150537640625 0.547123015625 0.43064516093750005 0.5376984125 0.44516129062500004 0.53075396875 0.4655913984375 0.52802579375 0.48225806406249994 0.5225694437499999 0.5016129031250001 0.521825396875 0.50860215 0.52157738125 0.5134408609375 0.5233134921875 0.5166666671875
1 0.6860119046875 0.1790322578125 0.7011408734375 0.1978494625 0.7075892859375 0.19032258124999998 0.70907738125 0.1817204296875 0.7068452375 0.1763440859375 0.7021329359374999 0.1731182796875 0.6894841265625 0.16935483906249998 0.6837797625 0.1715053765625 0.6835317453124999 0.1736559140625 0.6860119046875 0.1790322578125
1 0.618799603125 0.2833333328125 0.6207837296875 0.296236559375 0.6207837296875 0.3021505375 0.6232638890625 0.3145161296875 0.6240079359374999 0.3258064515625 0.634424603125 0.35215053749999997 0.6388888890625 0.359139784375 0.6426091265625 0.3698924734375 0.6460813484375 0.3747311828125 0.65947420625 0.3849462359375 0.693700396875 0.3935483875 0.7021329359374999 0.39032258125 0.7142857140625 0.3811827953125 0.7254464281249999 0.3693548390625 0.7301587296875 0.361290321875 0.7289186515625 0.35860215 0.7261904765625 0.35752688125 0.724454365625 0.353763440625 0.7167658734375 0.354301075 0.712549603125 0.34247311874999997 0.712549603125 0.3370967734375 0.7140376984375 0.33440860156249996 0.7142857140625 0.3295698921875 0.7132936515625 0.32634408593750003 0.7137896828125 0.3204301078125 0.712549603125 0.3172043015625 0.7120535718750001 0.3107526875 0.7120535718750001 0.29032258125 0.71279761875 0.287634409375 0.719494046875 0.2795698921875 0.7251984125 0.2790322578125 0.724950396875 0.2704301078125 0.7259424609375 0.26505376406250003 0.7251984125 0.2564516125 0.722222221875 0.254301075 0.7209821421875 0.25107526875 0.7197420640625001 0.251612903125 0.7140376984375 0.23978494687500002 0.7132936515625 0.240860215625 0.713045634375 0.23763440937500002 0.7048611109375 0.23709677343750002 0.6981646828125 0.2327956984375 0.6959325390625 0.22688172031249998 0.6927083328125 0.2241935484375 0.6927083328125 0.2204301078125 0.6914682546875001 0.21720430156249998 0.6922123015625 0.2129032265625 0.6894841265625 0.20322580625 0.68700396875 0.20107526875 0.6830357140625 0.193010753125 0.6738591265625 0.18279569843750001 0.671626984375 0.1838709671875 0.668898809375 0.188709678125 0.668402778125 0.1935483875 0.665674603125 0.1935483875 0.66592261875 0.204838709375 0.6649305562500001 0.2161290328125 0.6617063484375 0.21881720468750002 0.659722221875 0.21720430156249998 0.6572420640625001 0.2107526875 0.6540178578125 0.20967741874999998 0.6520337296875 0.20537634374999997 0.6445932546875001 0.20215053749999998 0.644097221875 0.2 0.6448412703125 0.19677419375 0.6418650796875001 0.18494623593749998 0.6421130953125 0.17580645156250002 0.640625 0.1731182796875 0.6369047625 0.1736559140625 0.6329365078125 0.18118279531249998 0.6326884921875 0.18494623593749998 0.6302083328125 0.189784946875 0.627728175 0.20107526875 0.62450396875 0.2241935484375 0.6197916671875 0.24354838750000002 0.618799603125 0.25537634374999996 0.618799603125 0.2833333328125
1 0.5873015875 0.2327956984375 0.5882936515625 0.2327956984375 0.590773809375 0.2279569890625 0.5949900796875001 0.200537634375 0.5917658734375 0.1978494625 0.5887896828125 0.204301075 0.5860615078125 0.2177419359375 0.5860615078125 0.2284946234375 0.5873015875 0.2327956984375
1 0.46527777812500004 0 0.4632936515625 0.025268817187499997 0.46279761875 0.087634409375 0.4637896828125 0.112365590625 0.46800595312500004 0.15537634375 0.471230159375 0.1817204296875 0.47569444375 0.208064515625 0.486855159375 0.251612903125 0.4908234125 0.2607526875 0.5014880953125 0.2758064515625 0.5101686515625 0.29462365625000003 0.515873015625 0.30107526875 0.528521825 0.30645161249999997 0.5334821421875 0.30645161249999997 0.5384424609375 0.30268817187499997 0.54365079375 0.2854838703125 0.547123015625 0.2784946234375 0.5483630953125 0.26505376406250003 0.5520833328125 0.24247311875 0.5577876984375 0.2166666671875 0.5577876984375 0.20215053749999998 0.5612599203124999 0.1779569890625 0.562748015625 0.146236559375 0.5602678578125 0.141935484375 0.5572916671875 0.1301075265625 0.5553075390625 0.11344086093750001 0.55282738125 0.10376344062500001 0.549851190625 0.101612903125 0.546875 0.096236559375 0.5399305562500001 0.091935484375 0.531498015625 0.0758064515625 0.5292658734375 0.06505376406249999 0.5248015875 0.056451612500000005 0.5228174609375 0.045161290625 0.509920634375 0 0.46527777812500004 0
1 0.5677083328125 0.24139784999999997 0.57217261875 0.24139784999999997 0.5758928578125 0.244086021875 0.5818452375 0.24032258125 0.583829365625 0.2322580640625 0.5796130953125 0.2236559140625 0.57862103125 0.2182795703125 0.572420634375 0.206989246875 0.5704365078125 0.21344086093749998 0.5677083328125 0.2317204296875 0.5669642859375 0.23978494687500002 0.5677083328125 0.24139784999999997
2 0 0 0 0.0704301078125 0.0039682546875000006 0.0715053765625 0.005704365625 0.0768817203125 0.006696428124999999 0.0758064515625 0.006944443749999999 0.0677419359375 0.009920634375 0.0661290328125 0.0173611109375 0.0645161296875 0.0257936515625 0.0709677421875 0.0262896828125 0.0725806453125 0.02529761875 0.0758064515625 0.0260416671875 0.0795698921875 0.02802579375 0.0827956984375 0.0297619046875 0.08978494687500001 0.0292658734375 0.095698925 0.034722221875 0.10322580625 0.0359623015625 0.1107526875 0.03819444375 0.11505376406250001 0.0396825390625 0.1215053765625 0.046626984375 0.1338709671875 0.049355159375 0.14247311875 0.056299603125 0.1564516125 0.0639880953125 0.16935483906249998 0.06994047656249999 0.1725806453125 0.0716765875 0.1790322578125 0.075396825 0.18279569843750001 0.0766369046875 0.18118279531249998 0.0766369046875 0.1768817203125 0.07986111093750001 0.16182795625 0.078373015625 0.15806451562499998 0.0803571421875 0.153763440625 0.087549603125 0.15591397812500002 0.09895833281250001 0.1650537640625 0.10367063437499999 0.16559139843749998 0.10987103125 0.16182795625 0.11061507968749999 0.15752688125 0.11532738125 0.154838709375 0.11929563437499999 0.14731182812500002 0.14622296562499998 0.15107526875 0.15625 0.14731182812500002 0.1617063484375 0.14247311875 0.1664186515625 0.14247311875 0.17509920625 0.14677419375 0.18501984062500001 0.15752688125 0.19990079375 0.194086021875 0.2043650796875 0.2 0.21130952343749998 0.2161290328125 0.2202380953125 0.23010752656250003 0.2279265875 0.23333333281250002 0.2490079359375 0.23440860156249999 0.27529761875 0.24354838750000002 0.291170634375 0.243010753125 0.29588293593750004 0.24462365625000002 0.30654761875 0.244086021875 0.31299603125000003 0.23763440937500002 0.3216765875 0.2327956984375 0.3204365078125 0.2220430109375 0.3167162703125 0.21559139843750003 0.31572420625 0.20967741874999998 0.2981150796875 0.1698924734375 0.29017857187499996 0.14677419375 0.2849702375 0.13870967812499999 0.28075396874999997 0.1258064515625 0.27529761875 0.1161290328125 0.2728174609375 0.10752688125000001 0.266369046875 0.095698925 0.2616567453125 0.0801075265625 0.2455357140625 0.04677419375 0.24181547656250002 0.0344086015625 0.23487103125000003 0.0193548390625 0.22842261874999997 0 0 0